<?xml version="1.0"?>
<opencv_storage>
<calibration_time>"Sun 07 Oct 2012 07:23:09 PM EDT"</calibration_time>
<nframes>9</nframes>
<image_width>640</image_width>
<image_height>360</image_height>
<board_width>9</board_width>
<board_height>6</board_height>
<square_size>1.8500000238418579e-02</square_size>
<flags>0</flags>
<camera_matrix type_id="opencv-matrix">
  <rows>3</rows>
  <cols>3</cols>
  <dt>d</dt>
  <data>
    4.6280569597844067e+02 0. 3.1019541024497937e+02 0.
    4.6137450522917158e+02 1.6338353103295489e+02 0. 0. 1.</data></camera_matrix>
<distortion_coefficients type_id="opencv-matrix">
  <rows>5</rows>
  <cols>1</cols>
  <dt>d</dt>
  <data>
    -2.4916880799478028e-01 1.0277981151741069e+00
    -4.4516295590450684e-04 -3.9556327317514014e-03
    -4.6487074573544058e+00</data></distortion_coefficients>
<avg_reprojection_error>8.8516422020382557e-01</avg_reprojection_error>
<per_view_reprojection_errors type_id="opencv-matrix">
  <rows>9</rows>
  <cols>1</cols>
  <dt>f</dt>
  <data>
    1.71366185e-01 2.34863937e-01 1.72623605e-01 2.50719643e+00
    2.39914745e-01 2.47027114e-01 3.83446306e-01 5.54663002e-01
    2.79316485e-01</data></per_view_reprojection_errors>
<!-- a set of 6-tuples (rotation vector + translation vector) for each view -->
<extrinsic_parameters type_id="opencv-matrix">
  <rows>9</rows>
  <cols>6</cols>
  <dt>d</dt>
  <data>
    3.9630830851160995e-02 1.4482109787399067e-01
    -3.1294612614718331e+00 4.9144887806610388e-02
    7.3236217707679033e-02 3.5005210266369297e-01 1.0582815970255970e-01
    3.0699678719903405e-02 -2.3867836967593119e+00
    1.6946192558201737e-02 1.1131489856008245e-01 3.8752987565122682e-01
    -8.0607991411205934e-02 -1.4039463390051607e-01
    2.7643014790535250e+00 5.6072652500932414e-02 3.7359339674129438e-02
    3.6289600778403758e-01 -9.5811587749569327e-01
    6.8834926821401216e-02 2.7206301132145003e+00 6.0573399004709823e-02
    5.6174159063038610e-02 4.6766994445533816e-01
    -5.9871746326737496e-01 2.4560312565242132e-01
    -2.9787175587662658e+00 7.4938225701878622e-02
    9.3053531365283340e-02 4.1182010793963986e-01
    -2.1839399360138648e-01 -5.3483088465296624e-01
    -1.7835680089112025e+00 -5.2296568305141199e-02
    1.1162863223542099e-01 3.8838157335215751e-01 8.9253332389690088e-01
    -2.8690634752729538e-01 -2.2973424443664636e+00
    -5.9246833760652519e-02 1.1739695953014266e-01
    4.6185530447668677e-01 -4.5368891100775843e-01
    3.3634320450094812e-01 -2.7130889480947546e+00
    8.7117165834215887e-02 1.3156479766921450e-01 5.0740422631429172e-01
    2.5564626022654291e-01 7.8841460644018901e-01
    -2.9651946505102922e+00 5.8303556951721548e-02
    4.7235993939914005e-02 4.4453005093667997e-01</data></extrinsic_parameters>
<image_points type_id="opencv-matrix">
  <rows>9</rows>
  <cols>54</cols>
  <dt>"2f"</dt>
  <data>
    3.74390533e+02 2.58579315e+02 3.50225861e+02 2.58660004e+02
    3.26202759e+02 2.58585663e+02 3.01726135e+02 2.58484985e+02
    2.77500763e+02 2.58401245e+02 2.53304626e+02 2.58320557e+02
    2.28786484e+02 2.58194305e+02 2.04597565e+02 2.57934540e+02
    1.80794724e+02 2.57487366e+02 3.75082092e+02 2.35428741e+02
    3.50807343e+02 2.35436676e+02 3.26455017e+02 2.35417358e+02
    3.01979095e+02 2.35332321e+02 2.77287872e+02 2.35211777e+02
    2.53076492e+02 2.34930725e+02 2.28265686e+02 2.34718918e+02
    2.04030151e+02 2.34498032e+02 1.79814682e+02 2.34254791e+02
    3.75841980e+02 2.11592651e+02 3.51380524e+02 2.11513199e+02
    3.26872864e+02 2.11515335e+02 3.02161804e+02 2.11309601e+02
    2.77390869e+02 2.11198288e+02 2.52747314e+02 2.11087082e+02
    2.27842667e+02 2.10741592e+02 2.03412018e+02 2.10567917e+02
    1.79233215e+02 2.10382645e+02 3.76437592e+02 1.87326126e+02
    3.51892151e+02 1.87225494e+02 3.27259277e+02 1.86964294e+02
    3.02389709e+02 1.86746902e+02 2.77339813e+02 1.86694672e+02
    2.52619507e+02 1.86515747e+02 2.27508209e+02 1.86383713e+02
    2.03045135e+02 1.86158524e+02 1.78444244e+02 1.85801071e+02
    3.76996002e+02 1.62813690e+02 3.52355682e+02 1.62609604e+02
    3.27575653e+02 1.62447891e+02 3.02502533e+02 1.62253372e+02
    2.77474365e+02 1.61989578e+02 2.52502914e+02 1.61791428e+02
    2.27454910e+02 1.61646378e+02 2.02710892e+02 1.61407379e+02
    1.78334671e+02 1.61282730e+02 3.77463013e+02 1.38264694e+02
    3.52832886e+02 1.37825134e+02 3.27834442e+02 1.37549301e+02
    3.02771851e+02 1.37329285e+02 2.77461823e+02 1.37117294e+02
    2.52690903e+02 1.36914459e+02 2.27334869e+02 1.36735199e+02
    2.02722153e+02 1.36580551e+02 1.78099060e+02 1.36519775e+02
    3.30285217e+02 2.93520721e+02 3.14533966e+02 2.79566620e+02
    2.98614838e+02 2.65460938e+02 2.82320862e+02 2.50841766e+02
    2.66062195e+02 2.36305939e+02 2.49498260e+02 2.21502304e+02
    2.32689621e+02 2.06477798e+02 2.15967575e+02 1.91298065e+02
    1.99274063e+02 1.76000092e+02 3.45092468e+02 2.78159393e+02
    3.29427368e+02 2.64128723e+02 3.13573242e+02 2.49746887e+02
    2.97471252e+02 2.35341843e+02 2.80997131e+02 2.20391983e+02
    2.64688538e+02 2.05574890e+02 2.47732162e+02 1.90154953e+02
    2.31291885e+02 1.74977554e+02 2.14406815e+02 1.59430740e+02
    3.59906219e+02 2.62571320e+02 3.44393066e+02 2.48284409e+02
    3.28613037e+02 2.34074631e+02 3.12532043e+02 2.19181854e+02
    2.96290466e+02 2.04287842e+02 2.79855255e+02 1.89291733e+02
    2.63239166e+02 1.73808807e+02 2.46485260e+02 1.58442581e+02
    2.29838593e+02 1.43022598e+02 3.74643951e+02 2.46561050e+02
    3.59372345e+02 2.32412598e+02 3.43684204e+02 2.17778717e+02
    3.27677643e+02 2.03055298e+02 3.11561462e+02 1.87910721e+02
    2.95345764e+02 1.72888199e+02 2.78562073e+02 1.57331726e+02
    2.62137665e+02 1.41920670e+02 2.45349869e+02 1.26301430e+02
    3.89419800e+02 2.30795349e+02 3.74192413e+02 2.16405334e+02
    3.58724854e+02 2.01808746e+02 3.42876984e+02 1.86801483e+02
    3.26760742e+02 1.71760544e+02 3.10613495e+02 1.56549911e+02
    2.93983490e+02 1.40929901e+02 2.77483154e+02 1.25474655e+02
    2.60987427e+02 1.09939949e+02 4.03952698e+02 2.14964249e+02
    3.89059326e+02 2.00534592e+02 3.73641479e+02 1.85742126e+02
    3.57947845e+02 1.70768768e+02 3.41864685e+02 1.55487213e+02
    3.25932373e+02 1.40405624e+02 3.09325226e+02 1.24570610e+02
    2.93050354e+02 1.09248772e+02 2.76412292e+02 9.35202942e+01
    3.81150421e+02 2.10499008e+02 3.59333374e+02 2.19237595e+02
    3.37639893e+02 2.27737213e+02 3.15559418e+02 2.36541901e+02
    2.93683197e+02 2.45128906e+02 2.71936096e+02 2.53684128e+02
    2.49803879e+02 2.62483826e+02 2.28251099e+02 2.70930084e+02
    2.06598984e+02 2.79211060e+02 3.73240631e+02 1.89159790e+02
    3.51358215e+02 1.97869995e+02 3.29343628e+02 2.06568893e+02
    3.07261932e+02 2.15333038e+02 2.85037964e+02 2.24163498e+02
    2.63182739e+02 2.32646301e+02 2.40708588e+02 2.41485123e+02
    2.18993439e+02 2.49892166e+02 1.97190659e+02 2.58451721e+02
    3.65268311e+02 1.67388123e+02 3.43106720e+02 1.76096863e+02
    3.20985748e+02 1.84773773e+02 2.98572693e+02 1.93631210e+02
    2.76275970e+02 2.02389572e+02 2.54190201e+02 2.11249573e+02
    2.31715546e+02 2.19817368e+02 2.09697769e+02 2.28550735e+02
    1.88049683e+02 2.37062119e+02 3.56794952e+02 1.45270920e+02
    3.34635406e+02 1.53817856e+02 3.12380280e+02 1.62564590e+02
    2.89809875e+02 1.71414032e+02 2.67384979e+02 1.80323135e+02
    2.45047714e+02 1.89015717e+02 2.22559860e+02 1.97954254e+02
    2.00438110e+02 2.06553116e+02 1.78475693e+02 2.15302216e+02
    3.48498535e+02 1.22914650e+02 3.26114441e+02 1.31623917e+02
    3.03725677e+02 1.40306198e+02 2.80969360e+02 1.49165375e+02
    2.58441498e+02 1.57962204e+02 2.35970139e+02 1.66898483e+02
    2.13290253e+02 1.75747223e+02 1.91318283e+02 1.84506973e+02
    1.69245346e+02 1.93221878e+02 3.39910797e+02 1.00537048e+02
    3.17536926e+02 1.09019989e+02 2.94905273e+02 1.17800766e+02
    2.72313232e+02 1.26577721e+02 2.49384903e+02 1.35577682e+02
    2.27150742e+02 1.44371658e+02 2.04127930e+02 1.53471024e+02
